
=============
=  PAGERANK  =
=============


Calculating PageRank...
entered the do-while loop
Multiplying linking matrix with score column:
1544 	17 	89 	20 	20 	69 	31 	42 	180 	150 	65 	40 	55 	12 	143 	43 	183 	188 	63 	5 	5 	9 	7 	5 	5 	47 	47 	14 	14 	14 	14 	13 	8 	8 	8 	8 	8 	8 	18 	20 	6 	294 	18 	51 	11 	81 	13 	6 	6 	6 	6 	72 	6 	6 	6 	6 	6 	6 	6 	6 	18 	58 	11 	6 	6 	6 	5 	5 	5 	5 	5 	5 	12 	5 	6 	20 	27 	6 	6 	6 	5 	6 	6 	23 	54 	6 	33 	13 	6 	5 	6 	15 	6 	6 	17 	14 	8 	6 	6 	6 	74 	79 	7 	10 	7 	37 	35 	7 	6 	8 	8 	8 	8 	8 	7 	7 	7 	7 	7 	29 	24 	14 	15 	5 	5 	18 	10 	5 	7 	202 	12 	10 	19 	5 	5 	11 	5 	24 	11 	9 	9 	7 	11 	11 	7 	9 	7 	22 	5 	23 	5 	5 	12 	5 	7 	5 	5 	5 	7 	11 	7 	5 	7 	19 	5 	5 	5 	5 	22 	22 	22 	22 	24 	22 	7 	22 	22 	22 	22 	6 	8 	14 	14 	8 	27 	7 	19 	5 	9 	22 	17 	16 	5 	26 	5 	5 	5 	5 	5 	35 	20 	19 	5 	5 	5 	8 	10 	20 	5 	22 	10 	11 	5 	80 	5 	5 	5 	5 	5 	5 	7 	117 	115 	5 	15 	16 	7 	14 	31 	28 	31 	31 	28 	31 	28 	31 	31 	31 	31 	31 	29 	9 	5 	5 	5 	5 	5 	5 	52 	9 	9 	9 	9 	9 	9 	9 	6 	46 	46 	164 	42 	49 	27 	28 	12 	27 	27 	12 	12 	12 	12 	12 	12 	27 	27 	27 	27 	27 	27 	27 	42 	14 	14 	17 	9 	7 	7 	14 	7 	7 	7 	7 	24 	14 	11 	11 	11 	34 	14 	22 	11 	24 	13 	13 	8 	8 	13 	9 	6 	7 	9 	32 	7 	10 	22 	21 	27 	22 	22 	22 	22 	22 	21 	22 	22 	22 	22 	22 	42 	23 	23 	6 	6 	6 	42 	25 	31 	6 	6 	6 	8 	6 	6 	22 	6 	5 	5 	7 	5 	5 	5 	5 	9 	5 	5 	5 	5 	37 	5 	25 	19 	5 	9 	5 	11 	7 	5 	5 	5 	5 	5 	5 	9 	12 	5 	5 	5 	5 	11 	15 	5 	15 	16 	5 	28 	5 	5 	7 	6 	5 	5 	5 	5 	25 	5 	5 	6 	5 	5 	5 	8 	5 	5 	5 	5 	5 	8 	5 	5 	5 	5 	5 	5 	12 	5 	5 	6 	5 	5 	5 	20 	5 	5 	6 	5 	5 	5 	5 	7 	5 	5 	5 	5 	5 	9 	5 	5 	5 	5 	5 	7 	5 	5 	13 	5 	6 	5 	5 	5 	5 	5 	6 	5 	5 	5 	11 	5 	15 	5 	6 	5 	5 	15 	5 	7 	5 	5 	5 	5 	5 	5 	5 	5 	5 	5 	5 	7 	7 	5 	5 	5 	5 	7 	7 	5 	6 	7 	5 	5 	5 	5 	7 	5 	5 	5 	5 	5 	5 	5 	15 	entered the do-while loop
Multiplying linking matrix with score column:
1093 	65 	107 	71 	69 	86 	102 	77 	152 	185 	80 	79 	105 	57 	156 	89 	146 	188 	99 	54 	54 	57 	57 	54 	54 	74 	74 	11 	11 	11 	13 	13 	10 	10 	10 	10 	10 	10 	18 	19 	10 	193 	12 	32 	8 	73 	8 	5 	5 	5 	5 	69 	5 	5 	5 	5 	5 	5 	5 	7 	12 	37 	9 	7 	7 	7 	9 	9 	9 	9 	9 	9 	19 	9 	10 	20 	18 	10 	10 	10 	9 	10 	10 	17 	75 	10 	20 	19 	10 	9 	10 	17 	10 	10 	21 	23 	15 	10 	10 	10 	54 	70 	17 	18 	17 	39 	32 	17 	10 	13 	13 	13 	13 	13 	8 	8 	8 	8 	8 	19 	53 	10 	28 	6 	6 	31 	9 	6 	20 	152 	8 	9 	27 	6 	6 	9 	6 	29 	9 	8 	8 	7 	9 	11 	7 	8 	6 	23 	6 	28 	6 	6 	12 	6 	7 	6 	6 	6 	7 	9 	7 	6 	7 	12 	6 	6 	6 	6 	23 	23 	23 	23 	25 	23 	6 	23 	23 	23 	23 	6 	29 	32 	32 	29 	20 	8 	20 	7 	12 	18 	20 	16 	7 	24 	10 	10 	10 	10 	7 	48 	31 	18 	10 	10 	7 	11 	12 	25 	7 	18 	14 	14 	10 	70 	7 	7 	7 	7 	10 	10 	17 	89 	82 	7 	13 	12 	8 	13 	35 	31 	35 	35 	31 	35 	31 	35 	35 	35 	35 	35 	33 	10 	6 	6 	6 	6 	6 	6 	38 	5 	5 	5 	5 	5 	5 	5 	3 	24 	24 	94 	49 	69 	28 	28 	9 	28 	28 	9 	9 	9 	9 	9 	9 	28 	28 	28 	28 	28 	28 	28 	49 	24 	11 	10 	9 	5 	5 	10 	5 	5 	5 	5 	15 	8 	6 	6 	6 	16 	8 	21 	6 	13 	12 	12 	7 	7 	12 	8 	4 	9 	10 	18 	9 	11 	24 	23 	26 	24 	24 	24 	24 	24 	23 	24 	24 	24 	24 	24 	46 	26 	26 	8 	8 	8 	47 	13 	21 	4 	4 	4 	5 	4 	4 	50 	4 	3 	3 	5 	3 	3 	3 	3 	5 	6 	3 	3 	3 	42 	3 	10 	15 	3 	5 	3 	6 	5 	3 	3 	3 	3 	3 	3 	5 	6 	3 	3 	3 	3 	13 	7 	3 	7 	9 	3 	15 	3 	3 	5 	4 	3 	3 	3 	3 	10 	3 	3 	4 	3 	3 	3 	4 	3 	3 	3 	3 	3 	6 	3 	3 	3 	3 	3 	3 	6 	3 	3 	5 	3 	3 	3 	10 	3 	3 	4 	3 	3 	3 	3 	4 	3 	3 	3 	3 	3 	5 	3 	3 	3 	3 	3 	5 	3 	3 	7 	3 	4 	3 	3 	3 	3 	3 	4 	3 	3 	3 	7 	3 	7 	3 	4 	3 	3 	20 	3 	5 	3 	3 	3 	3 	3 	3 	3 	3 	3 	3 	3 	4 	5 	3 	3 	3 	3 	8 	5 	3 	4 	5 	3 	3 	3 	3 	8 	3 	3 	3 	3 	3 	6 	3 	20 	entered the do-while loop
Multiplying linking matrix with score column:
1033 	54 	92 	57 	56 	71 	80 	72 	151 	179 	66 	65 	92 	41 	138 	74 	142 	177 	87 	38 	38 	49 	45 	38 	38 	79 	79 	20 	20 	20 	13 	13 	11 	11 	11 	11 	11 	11 	18 	19 	10 	194 	18 	37 	14 	116 	12 	9 	9 	9 	9 	76 	9 	9 	9 	9 	9 	9 	9 	9 	14 	30 	11 	9 	9 	9 	7 	7 	7 	7 	7 	7 	14 	7 	9 	20 	16 	9 	9 	9 	7 	9 	9 	18 	67 	9 	23 	15 	9 	7 	9 	23 	11 	11 	23 	24 	16 	11 	11 	11 	61 	72 	17 	19 	17 	43 	38 	17 	11 	14 	14 	14 	14 	14 	13 	13 	13 	13 	13 	24 	95 	28 	29 	5 	5 	35 	8 	5 	16 	173 	8 	8 	23 	5 	5 	9 	5 	25 	9 	8 	8 	8 	9 	12 	8 	8 	6 	28 	5 	25 	5 	5 	13 	5 	6 	5 	5 	5 	6 	9 	6 	5 	6 	12 	5 	5 	5 	5 	26 	26 	26 	26 	28 	26 	9 	26 	26 	26 	26 	9 	24 	26 	26 	24 	19 	8 	18 	6 	11 	18 	22 	15 	6 	23 	8 	8 	8 	8 	6 	45 	29 	17 	8 	8 	6 	10 	11 	22 	6 	18 	12 	13 	8 	73 	6 	6 	6 	6 	8 	8 	13 	94 	89 	6 	12 	14 	8 	13 	38 	35 	38 	38 	35 	38 	35 	38 	38 	38 	38 	38 	36 	10 	7 	7 	7 	7 	7 	7 	65 	10 	10 	10 	10 	10 	10 	10 	6 	43 	43 	101 	55 	76 	29 	29 	10 	29 	29 	10 	10 	10 	10 	10 	10 	29 	29 	29 	29 	29 	29 	29 	55 	36 	9 	10 	9 	4 	4 	9 	4 	4 	4 	4 	14 	9 	7 	7 	7 	17 	9 	22 	7 	15 	11 	11 	6 	6 	11 	7 	3 	6 	7 	14 	6 	10 	25 	24 	27 	25 	25 	25 	25 	25 	24 	25 	25 	25 	25 	25 	48 	27 	27 	7 	7 	7 	50 	10 	14 	3 	3 	3 	4 	3 	3 	45 	3 	3 	3 	4 	3 	3 	3 	3 	5 	5 	3 	3 	3 	39 	3 	9 	14 	3 	4 	3 	5 	6 	3 	3 	3 	3 	3 	3 	5 	5 	3 	3 	3 	3 	12 	7 	3 	7 	10 	3 	16 	3 	3 	4 	3 	3 	3 	3 	3 	9 	3 	3 	3 	3 	3 	3 	4 	3 	3 	3 	3 	3 	5 	3 	3 	3 	3 	3 	3 	5 	3 	3 	4 	3 	3 	3 	9 	3 	3 	4 	3 	3 	3 	3 	3 	3 	3 	3 	3 	3 	4 	3 	3 	3 	3 	3 	4 	3 	3 	7 	3 	3 	3 	3 	3 	3 	3 	3 	3 	3 	3 	6 	3 	6 	3 	3 	3 	3 	22 	3 	4 	3 	3 	3 	3 	3 	3 	3 	3 	3 	3 	3 	4 	4 	3 	3 	3 	3 	7 	4 	3 	3 	6 	3 	3 	3 	3 	7 	3 	3 	3 	3 	3 	5 	3 	22 	entered the do-while loop
Multiplying linking matrix with score column:
1020 	51 	89 	56 	54 	67 	80 	67 	139 	187 	65 	68 	93 	39 	150 	77 	131 	170 	89 	36 	36 	45 	43 	36 	36 	77 	77 	18 	18 	18 	12 	12 	10 	10 	10 	10 	10 	10 	17 	18 	9 	198 	19 	40 	13 	107 	12 	8 	8 	8 	8 	87 	8 	8 	8 	8 	8 	8 	8 	9 	14 	29 	11 	9 	9 	9 	7 	7 	7 	7 	7 	7 	15 	7 	9 	19 	15 	9 	9 	9 	7 	9 	9 	17 	66 	9 	22 	14 	9 	7 	9 	20 	11 	11 	24 	25 	16 	11 	11 	11 	60 	73 	17 	19 	17 	45 	40 	17 	11 	13 	13 	13 	13 	13 	11 	11 	11 	11 	11 	26 	84 	22 	31 	5 	5 	48 	8 	5 	18 	173 	8 	8 	25 	5 	5 	8 	5 	27 	8 	8 	8 	7 	8 	12 	7 	8 	6 	25 	5 	27 	5 	5 	12 	5 	6 	5 	5 	5 	6 	8 	6 	5 	6 	12 	5 	5 	5 	5 	27 	27 	27 	27 	29 	27 	8 	27 	27 	27 	27 	8 	23 	25 	25 	23 	18 	8 	17 	6 	11 	18 	21 	15 	6 	24 	8 	8 	8 	8 	6 	45 	29 	17 	8 	8 	6 	10 	11 	22 	6 	18 	12 	13 	8 	70 	6 	6 	6 	6 	8 	8 	14 	90 	85 	6 	12 	13 	7 	13 	41 	37 	41 	41 	37 	41 	37 	41 	41 	41 	40 	41 	38 	10 	6 	6 	6 	6 	6 	6 	66 	9 	9 	9 	9 	9 	9 	9 	5 	43 	43 	103 	57 	81 	29 	30 	9 	29 	29 	9 	9 	9 	9 	9 	9 	29 	29 	29 	29 	29 	29 	29 	57 	38 	13 	10 	9 	4 	4 	9 	4 	4 	4 	4 	15 	9 	7 	7 	7 	17 	9 	24 	7 	16 	11 	11 	6 	6 	11 	7 	4 	7 	8 	15 	7 	10 	27 	26 	30 	28 	28 	28 	28 	28 	26 	28 	28 	27 	28 	28 	51 	29 	29 	9 	9 	9 	53 	10 	13 	4 	4 	4 	4 	4 	4 	49 	3 	3 	3 	4 	3 	3 	3 	3 	5 	5 	3 	3 	3 	42 	3 	8 	14 	3 	4 	3 	5 	6 	3 	3 	3 	3 	3 	3 	5 	5 	3 	3 	3 	3 	12 	7 	3 	7 	9 	3 	16 	3 	3 	4 	3 	3 	3 	3 	3 	8 	3 	3 	3 	3 	3 	3 	4 	3 	3 	3 	3 	3 	5 	3 	3 	3 	3 	3 	3 	5 	3 	3 	4 	3 	3 	3 	8 	3 	3 	4 	3 	3 	3 	3 	4 	3 	3 	3 	3 	3 	4 	3 	3 	3 	3 	3 	4 	3 	3 	7 	3 	3 	3 	3 	3 	3 	3 	3 	3 	3 	3 	6 	3 	6 	3 	3 	3 	3 	21 	3 	4 	3 	3 	3 	3 	3 	3 	3 	3 	3 	3 	3 	4 	4 	3 	3 	3 	3 	7 	4 	3 	3 	6 	3 	3 	3 	3 	7 	3 	3 	3 	3 	3 	5 	3 	21 	entered the do-while loop
Multiplying linking matrix with score column:
1015 	50 	88 	55 	53 	67 	78 	69 	138 	188 	63 	67 	96 	38 	149 	77 	130 	168 	90 	36 	36 	44 	42 	36 	36 	74 	74 	18 	18 	18 	12 	12 	10 	10 	10 	10 	10 	10 	17 	18 	9 	196 	18 	38 	13 	109 	12 	8 	8 	8 	8 	84 	8 	8 	8 	8 	8 	8 	8 	9 	13 	28 	11 	9 	9 	9 	7 	7 	7 	7 	7 	7 	14 	7 	8 	18 	15 	8 	8 	8 	7 	8 	8 	17 	64 	8 	21 	14 	8 	7 	8 	20 	12 	12 	24 	25 	17 	12 	12 	12 	61 	73 	18 	20 	18 	46 	41 	18 	12 	12 	12 	12 	12 	12 	11 	11 	11 	11 	11 	25 	85 	21 	35 	5 	5 	45 	8 	5 	18 	181 	8 	8 	25 	5 	5 	9 	5 	27 	9 	8 	8 	7 	9 	12 	7 	8 	6 	26 	5 	26 	5 	5 	12 	5 	6 	5 	5 	5 	6 	9 	6 	5 	6 	12 	5 	5 	5 	5 	28 	28 	28 	28 	30 	28 	8 	28 	28 	28 	28 	8 	22 	24 	24 	22 	17 	7 	17 	6 	11 	17 	21 	14 	6 	24 	8 	8 	8 	8 	6 	44 	28 	16 	8 	8 	6 	9 	11 	22 	6 	17 	12 	13 	8 	69 	6 	6 	6 	6 	8 	8 	13 	89 	84 	6 	12 	13 	7 	12 	42 	39 	42 	42 	39 	42 	39 	42 	42 	42 	42 	42 	40 	10 	6 	6 	6 	6 	6 	6 	63 	8 	8 	8 	8 	8 	8 	8 	5 	40 	40 	100 	59 	83 	29 	29 	9 	29 	29 	9 	9 	9 	9 	9 	9 	29 	29 	29 	29 	29 	29 	29 	59 	37 	12 	10 	9 	4 	4 	9 	4 	4 	4 	4 	14 	9 	7 	7 	7 	16 	9 	24 	7 	15 	11 	11 	6 	6 	11 	7 	4 	7 	8 	15 	7 	11 	29 	27 	31 	29 	29 	29 	29 	29 	27 	29 	29 	29 	29 	29 	54 	30 	30 	8 	8 	8 	57 	10 	14 	4 	4 	4 	4 	4 	4 	53 	3 	3 	3 	4 	3 	3 	3 	3 	5 	5 	3 	3 	3 	41 	3 	8 	13 	3 	4 	3 	5 	6 	3 	3 	3 	3 	3 	3 	5 	5 	3 	3 	3 	3 	12 	7 	3 	7 	9 	3 	16 	3 	3 	4 	3 	3 	3 	3 	3 	8 	3 	3 	3 	3 	3 	3 	4 	3 	3 	3 	3 	3 	5 	3 	3 	3 	3 	3 	3 	5 	3 	3 	4 	3 	3 	3 	8 	3 	3 	4 	3 	3 	3 	3 	4 	3 	3 	3 	3 	3 	4 	3 	3 	3 	3 	3 	4 	3 	3 	7 	3 	3 	3 	3 	3 	3 	3 	3 	3 	3 	3 	6 	3 	6 	3 	3 	3 	3 	22 	3 	4 	3 	3 	3 	3 	3 	3 	3 	3 	3 	3 	3 	4 	4 	3 	3 	3 	3 	7 	4 	3 	3 	6 	3 	3 	3 	3 	7 	3 	3 	3 	3 	3 	5 	3 	22 	entered the do-while loop
Multiplying linking matrix with score column:
1006 	50 	88 	54 	52 	66 	78 	70 	135 	191 	62 	67 	97 	38 	150 	78 	129 	166 	91 	36 	36 	44 	42 	36 	36 	73 	73 	17 	17 	17 	12 	12 	10 	10 	10 	10 	10 	10 	16 	17 	9 	194 	17 	38 	12 	110 	12 	8 	8 	8 	8 	85 	8 	8 	8 	8 	8 	8 	8 	9 	13 	28 	11 	9 	9 	9 	7 	7 	7 	7 	7 	7 	14 	7 	8 	18 	15 	8 	8 	8 	7 	8 	8 	16 	64 	8 	21 	13 	8 	7 	8 	19 	12 	12 	24 	26 	17 	12 	12 	12 	61 	74 	18 	20 	18 	46 	41 	18 	12 	12 	12 	12 	12 	12 	11 	11 	11 	11 	11 	25 	88 	21 	35 	5 	5 	46 	8 	5 	18 	185 	8 	8 	26 	5 	5 	9 	5 	28 	9 	8 	8 	7 	9 	12 	7 	8 	6 	26 	5 	27 	5 	5 	12 	5 	6 	5 	5 	5 	6 	9 	6 	5 	6 	12 	5 	5 	5 	5 	28 	28 	28 	28 	31 	28 	8 	28 	28 	28 	28 	8 	22 	23 	23 	22 	17 	7 	17 	6 	11 	17 	20 	14 	6 	25 	8 	8 	8 	8 	6 	43 	28 	16 	8 	8 	6 	9 	11 	21 	6 	17 	12 	13 	8 	68 	6 	6 	6 	6 	8 	8 	13 	88 	83 	6 	11 	13 	7 	12 	44 	40 	44 	44 	40 	43 	40 	44 	44 	44 	43 	44 	41 	11 	6 	6 	6 	6 	6 	6 	61 	8 	8 	8 	8 	8 	8 	8 	5 	39 	39 	99 	59 	84 	29 	29 	9 	29 	29 	9 	9 	9 	9 	9 	9 	29 	29 	29 	29 	29 	29 	29 	59 	36 	12 	10 	9 	4 	4 	8 	4 	4 	4 	4 	14 	9 	7 	7 	7 	16 	9 	24 	7 	15 	11 	11 	6 	6 	11 	7 	3 	7 	8 	15 	7 	10 	29 	28 	32 	30 	30 	30 	30 	30 	28 	30 	30 	29 	30 	30 	56 	31 	31 	9 	9 	9 	59 	10 	14 	4 	4 	4 	4 	4 	4 	52 	3 	3 	3 	4 	3 	3 	3 	3 	5 	5 	3 	3 	3 	43 	3 	8 	13 	3 	4 	3 	5 	6 	3 	3 	3 	3 	3 	3 	5 	5 	3 	3 	3 	3 	12 	7 	3 	7 	9 	3 	16 	3 	3 	4 	3 	3 	3 	3 	3 	8 	3 	3 	3 	3 	3 	3 	4 	3 	3 	3 	3 	3 	5 	3 	3 	3 	3 	3 	3 	5 	3 	3 	5 	3 	3 	3 	8 	3 	3 	4 	3 	3 	3 	3 	3 	3 	3 	3 	3 	3 	4 	3 	3 	3 	3 	3 	4 	3 	3 	7 	3 	3 	3 	3 	3 	3 	3 	3 	3 	3 	3 	6 	3 	6 	3 	3 	3 	3 	22 	3 	4 	3 	3 	3 	3 	3 	3 	3 	3 	3 	3 	3 	4 	4 	3 	3 	3 	3 	7 	4 	3 	3 	6 	3 	3 	3 	3 	7 	3 	3 	3 	3 	3 	5 	3 	22 	entered the do-while loop
Multiplying linking matrix with score column:
999 	50 	87 	54 	52 	66 	78 	69 	134 	191 	62 	66 	97 	38 	150 	79 	128 	164 	92 	36 	36 	44 	42 	36 	36 	72 	72 	17 	17 	17 	12 	12 	10 	10 	10 	10 	10 	10 	16 	17 	9 	193 	17 	38 	12 	111 	12 	8 	8 	8 	8 	86 	8 	8 	8 	8 	8 	8 	8 	9 	13 	28 	11 	9 	9 	9 	7 	7 	7 	7 	7 	7 	14 	7 	8 	18 	15 	8 	8 	8 	7 	8 	8 	16 	64 	8 	20 	13 	8 	7 	8 	19 	12 	12 	24 	26 	17 	12 	12 	12 	62 	74 	18 	20 	18 	47 	41 	18 	12 	12 	12 	12 	12 	12 	11 	11 	11 	11 	11 	25 	88 	20 	35 	5 	5 	47 	8 	5 	19 	186 	8 	8 	26 	5 	5 	9 	5 	28 	9 	8 	8 	7 	9 	12 	7 	8 	6 	27 	5 	27 	5 	5 	12 	5 	6 	5 	5 	5 	6 	9 	6 	5 	6 	12 	5 	5 	5 	5 	28 	29 	28 	28 	31 	28 	8 	28 	29 	28 	29 	8 	21 	23 	23 	21 	17 	7 	17 	6 	11 	17 	20 	14 	6 	25 	8 	8 	8 	8 	6 	43 	27 	16 	8 	8 	6 	9 	10 	21 	6 	17 	12 	13 	8 	67 	6 	6 	6 	6 	8 	8 	13 	87 	82 	6 	11 	13 	7 	12 	45 	41 	45 	45 	41 	44 	41 	45 	45 	45 	44 	45 	42 	11 	6 	6 	6 	6 	6 	6 	61 	8 	8 	8 	8 	8 	8 	8 	5 	39 	39 	98 	59 	84 	28 	29 	9 	28 	28 	9 	9 	9 	9 	9 	9 	28 	28 	28 	29 	28 	28 	28 	59 	35 	12 	10 	9 	4 	4 	8 	4 	4 	4 	4 	14 	9 	7 	7 	7 	16 	9 	24 	7 	14 	11 	11 	6 	6 	11 	7 	3 	7 	8 	15 	7 	10 	30 	28 	32 	30 	30 	30 	30 	30 	28 	30 	30 	30 	30 	30 	57 	32 	32 	9 	9 	9 	60 	10 	13 	4 	4 	4 	4 	4 	4 	52 	3 	3 	3 	4 	3 	3 	3 	3 	5 	5 	3 	3 	3 	43 	3 	8 	13 	3 	4 	3 	5 	6 	3 	3 	3 	3 	3 	3 	5 	5 	3 	3 	3 	3 	12 	7 	3 	7 	9 	3 	16 	3 	3 	4 	3 	3 	3 	3 	3 	8 	3 	3 	3 	3 	3 	3 	4 	3 	3 	3 	3 	3 	5 	3 	3 	3 	3 	3 	3 	5 	3 	3 	5 	3 	3 	3 	8 	3 	3 	4 	3 	3 	3 	3 	3 	3 	3 	3 	3 	3 	4 	3 	3 	3 	3 	3 	4 	3 	3 	7 	3 	3 	3 	3 	3 	3 	3 	3 	3 	3 	3 	6 	3 	6 	3 	3 	3 	3 	22 	3 	4 	3 	3 	3 	3 	3 	3 	3 	3 	3 	3 	3 	4 	4 	3 	3 	3 	3 	7 	4 	3 	3 	6 	3 	3 	3 	3 	7 	3 	3 	3 	3 	3 	5 	3 	22 	entered the do-while loop
Multiplying linking matrix with score column:
996 	49 	87 	54 	52 	66 	78 	69 	133 	192 	61 	66 	97 	38 	151 	79 	128 	163 	93 	35 	35 	44 	42 	35 	35 	72 	72 	17 	17 	17 	12 	12 	10 	10 	10 	10 	10 	10 	16 	17 	9 	193 	17 	37 	12 	112 	12 	7 	7 	7 	7 	86 	7 	7 	7 	7 	7 	7 	7 	9 	13 	28 	11 	9 	9 	9 	7 	7 	7 	7 	7 	7 	14 	7 	8 	17 	15 	8 	8 	8 	7 	8 	8 	16 	63 	8 	20 	13 	8 	7 	8 	18 	12 	12 	24 	26 	17 	12 	12 	12 	62 	74 	18 	20 	18 	47 	42 	18 	12 	12 	12 	12 	12 	12 	11 	11 	11 	11 	11 	25 	88 	20 	35 	5 	5 	47 	8 	5 	19 	187 	8 	8 	26 	5 	5 	9 	5 	28 	9 	8 	8 	7 	9 	12 	7 	8 	6 	27 	5 	28 	5 	5 	12 	5 	6 	5 	5 	5 	6 	9 	6 	5 	6 	12 	5 	5 	5 	5 	29 	29 	29 	29 	31 	29 	8 	29 	29 	29 	29 	8 	21 	23 	23 	21 	17 	7 	16 	6 	10 	17 	20 	14 	6 	25 	8 	8 	8 	8 	6 	43 	27 	16 	8 	8 	6 	9 	10 	21 	6 	17 	12 	12 	8 	67 	6 	6 	6 	6 	8 	8 	13 	86 	81 	6 	11 	13 	7 	12 	45 	41 	45 	45 	41 	45 	41 	45 	45 	45 	45 	45 	42 	11 	6 	6 	6 	6 	6 	6 	61 	8 	8 	8 	8 	8 	8 	8 	5 	39 	39 	98 	59 	84 	28 	29 	9 	28 	28 	9 	9 	9 	9 	9 	9 	28 	28 	28 	29 	28 	28 	28 	59 	35 	12 	10 	9 	4 	4 	8 	4 	4 	4 	4 	14 	8 	6 	6 	6 	16 	8 	24 	6 	14 	11 	11 	6 	6 	11 	7 	3 	7 	8 	14 	7 	10 	30 	29 	33 	31 	31 	31 	31 	31 	29 	31 	31 	30 	31 	31 	58 	32 	32 	9 	9 	9 	61 	10 	13 	4 	4 	4 	4 	4 	4 	52 	3 	3 	3 	4 	3 	3 	3 	3 	5 	5 	3 	3 	3 	43 	3 	8 	13 	3 	4 	3 	5 	6 	3 	3 	3 	3 	3 	3 	5 	5 	3 	3 	3 	3 	12 	7 	3 	7 	9 	3 	16 	3 	3 	4 	3 	3 	3 	3 	3 	8 	3 	3 	3 	3 	3 	3 	4 	3 	3 	3 	3 	3 	5 	3 	3 	3 	3 	3 	3 	5 	3 	3 	5 	3 	3 	3 	8 	3 	3 	4 	3 	3 	3 	3 	3 	3 	3 	3 	3 	3 	4 	3 	3 	3 	3 	3 	4 	3 	3 	7 	3 	3 	3 	3 	3 	3 	3 	3 	3 	3 	3 	6 	3 	6 	3 	3 	3 	3 	22 	3 	4 	3 	3 	3 	3 	3 	3 	3 	3 	3 	3 	3 	4 	4 	3 	3 	3 	3 	6 	4 	3 	3 	6 	3 	3 	3 	3 	6 	3 	3 	3 	3 	3 	5 	3 	22 	entered the do-while loop
Multiplying linking matrix with score column:
993 	49 	87 	54 	52 	66 	77 	69 	132 	192 	61 	66 	97 	37 	151 	79 	128 	162 	93 	35 	35 	43 	41 	35 	35 	72 	72 	17 	17 	17 	12 	12 	10 	10 	10 	10 	10 	10 	16 	17 	9 	192 	17 	37 	12 	112 	12 	7 	7 	7 	7 	86 	7 	7 	7 	7 	7 	7 	7 	9 	13 	28 	11 	9 	9 	9 	7 	7 	7 	7 	7 	7 	14 	7 	8 	17 	14 	8 	8 	8 	7 	8 	8 	16 	63 	8 	20 	13 	8 	7 	8 	18 	12 	12 	25 	26 	17 	12 	12 	12 	62 	74 	18 	20 	18 	47 	42 	18 	12 	12 	12 	12 	12 	12 	11 	11 	11 	11 	11 	25 	89 	20 	36 	5 	5 	47 	8 	5 	19 	188 	8 	8 	26 	5 	5 	9 	5 	28 	9 	8 	8 	7 	9 	12 	7 	8 	6 	27 	5 	28 	5 	5 	13 	5 	6 	5 	5 	5 	6 	9 	6 	5 	6 	12 	5 	5 	5 	5 	29 	29 	29 	29 	31 	29 	8 	29 	29 	29 	29 	8 	21 	23 	23 	21 	17 	7 	16 	6 	10 	17 	20 	14 	6 	25 	8 	8 	8 	8 	6 	42 	27 	16 	8 	8 	6 	9 	10 	21 	6 	17 	12 	12 	8 	66 	6 	6 	6 	6 	8 	8 	13 	86 	81 	6 	11 	13 	7 	12 	46 	42 	46 	46 	42 	46 	42 	46 	46 	46 	45 	46 	43 	11 	6 	6 	6 	6 	6 	6 	60 	8 	8 	8 	8 	8 	8 	8 	5 	39 	39 	97 	59 	84 	28 	29 	9 	28 	28 	9 	9 	9 	9 	9 	9 	28 	28 	28 	28 	28 	28 	28 	59 	35 	12 	10 	9 	4 	4 	8 	4 	4 	4 	4 	14 	8 	6 	6 	6 	16 	8 	24 	6 	14 	10 	10 	6 	6 	10 	7 	3 	7 	8 	14 	7 	10 	31 	29 	33 	31 	31 	31 	31 	31 	29 	31 	31 	31 	31 	31 	59 	33 	33 	9 	9 	9 	62 	10 	13 	4 	4 	4 	4 	4 	4 	52 	3 	3 	3 	4 	3 	3 	3 	3 	5 	5 	3 	3 	3 	43 	3 	8 	13 	3 	4 	3 	5 	6 	3 	3 	3 	3 	3 	3 	5 	5 	3 	3 	3 	3 	12 	7 	3 	7 	9 	3 	16 	3 	3 	4 	3 	3 	3 	3 	3 	8 	3 	3 	3 	3 	3 	3 	4 	3 	3 	3 	3 	3 	5 	3 	3 	3 	3 	3 	3 	5 	3 	3 	5 	3 	3 	3 	8 	3 	3 	4 	3 	3 	3 	3 	3 	3 	3 	3 	3 	3 	4 	3 	3 	3 	3 	3 	4 	3 	3 	7 	3 	3 	3 	3 	3 	3 	3 	3 	3 	3 	3 	6 	3 	6 	3 	3 	3 	3 	23 	3 	4 	3 	3 	3 	3 	3 	3 	3 	3 	3 	3 	3 	4 	4 	3 	3 	3 	3 	6 	4 	3 	3 	6 	3 	3 	3 	3 	6 	3 	3 	3 	3 	3 	5 	3 	23 	entered the do-while loop
Multiplying linking matrix with score column:
991 	49 	87 	54 	52 	66 	77 	69 	132 	192 	61 	65 	97 	37 	151 	79 	127 	161 	94 	35 	35 	43 	41 	35 	35 	71 	71 	17 	17 	17 	12 	12 	10 	10 	10 	10 	10 	10 	16 	17 	9 	192 	17 	37 	12 	113 	12 	7 	7 	7 	7 	87 	7 	7 	7 	7 	7 	7 	7 	9 	13 	28 	11 	9 	9 	9 	7 	7 	7 	7 	7 	7 	14 	7 	8 	17 	14 	8 	8 	8 	7 	8 	8 	16 	63 	8 	20 	13 	8 	7 	8 	18 	12 	12 	25 	26 	17 	12 	12 	12 	62 	75 	18 	20 	18 	47 	42 	18 	12 	12 	12 	12 	12 	12 	11 	11 	11 	11 	11 	25 	89 	20 	36 	5 	5 	48 	8 	5 	19 	188 	8 	8 	26 	5 	5 	9 	5 	28 	9 	8 	8 	7 	9 	12 	7 	8 	6 	27 	5 	28 	5 	5 	13 	5 	6 	5 	5 	5 	6 	9 	6 	5 	6 	12 	5 	5 	5 	5 	29 	29 	29 	29 	32 	29 	8 	29 	29 	29 	29 	8 	21 	23 	23 	21 	17 	7 	16 	6 	10 	17 	20 	14 	6 	25 	8 	8 	8 	8 	6 	42 	27 	16 	8 	8 	6 	9 	10 	21 	6 	17 	12 	12 	8 	66 	6 	6 	6 	6 	8 	8 	13 	85 	80 	6 	11 	12 	7 	12 	46 	42 	46 	46 	42 	46 	42 	46 	46 	46 	46 	46 	43 	11 	6 	6 	6 	6 	6 	6 	60 	8 	8 	8 	8 	8 	8 	8 	5 	39 	39 	97 	59 	84 	28 	29 	9 	28 	28 	9 	9 	9 	9 	9 	9 	28 	28 	28 	28 	28 	28 	28 	59 	35 	12 	10 	9 	4 	4 	8 	4 	4 	4 	4 	14 	8 	6 	6 	6 	16 	8 	24 	6 	14 	10 	10 	6 	6 	10 	7 	3 	7 	7 	14 	7 	10 	31 	29 	33 	31 	31 	31 	31 	31 	29 	31 	31 	31 	31 	31 	59 	33 	33 	9 	9 	9 	62 	10 	13 	3 	3 	3 	4 	3 	3 	52 	3 	3 	3 	4 	3 	3 	3 	3 	5 	5 	3 	3 	3 	44 	3 	8 	13 	3 	4 	3 	5 	6 	3 	3 	3 	3 	3 	3 	5 	5 	3 	3 	3 	3 	12 	7 	3 	7 	9 	3 	16 	3 	3 	4 	3 	3 	3 	3 	3 	8 	3 	3 	3 	3 	3 	3 	4 	3 	3 	3 	3 	3 	5 	3 	3 	3 	3 	3 	3 	5 	3 	3 	5 	3 	3 	3 	8 	3 	3 	4 	3 	3 	3 	3 	3 	3 	3 	3 	3 	3 	4 	3 	3 	3 	3 	3 	4 	3 	3 	7 	3 	3 	3 	3 	3 	3 	3 	3 	3 	3 	3 	6 	3 	6 	3 	3 	3 	3 	23 	3 	4 	3 	3 	3 	3 	3 	3 	3 	3 	3 	3 	3 	4 	4 	3 	3 	3 	3 	6 	4 	3 	3 	6 	3 	3 	3 	3 	6 	3 	3 	3 	3 	3 	5 	3 	23 	entered the do-while loop
Multiplying linking matrix with score column:
990 	49 	87 	53 	52 	66 	77 	69 	131 	192 	61 	65 	97 	37 	151 	79 	127 	161 	94 	35 	35 	43 	41 	35 	35 	71 	71 	17 	17 	17 	12 	12 	10 	10 	10 	10 	10 	10 	16 	17 	9 	192 	17 	37 	12 	113 	12 	7 	7 	7 	7 	87 	7 	7 	7 	7 	7 	7 	7 	9 	13 	28 	11 	9 	9 	9 	7 	7 	7 	7 	7 	7 	14 	7 	8 	17 	14 	8 	8 	8 	7 	8 	8 	16 	63 	8 	20 	13 	8 	7 	8 	18 	12 	12 	25 	26 	17 	12 	12 	12 	62 	75 	18 	20 	18 	47 	42 	18 	12 	12 	12 	12 	12 	12 	11 	11 	11 	11 	11 	25 	89 	20 	36 	5 	5 	48 	8 	5 	19 	188 	8 	8 	26 	5 	5 	9 	5 	28 	9 	8 	8 	7 	9 	12 	7 	8 	6 	27 	5 	28 	5 	5 	13 	5 	6 	5 	5 	5 	6 	9 	6 	5 	6 	12 	5 	5 	5 	5 	29 	29 	29 	29 	32 	29 	8 	29 	29 	29 	29 	8 	21 	23 	23 	21 	17 	7 	16 	6 	10 	17 	20 	14 	6 	25 	8 	8 	8 	8 	6 	42 	27 	16 	8 	8 	6 	9 	10 	21 	6 	17 	12 	12 	8 	66 	6 	6 	6 	6 	8 	8 	13 	85 	80 	6 	11 	12 	7 	12 	47 	42 	47 	47 	42 	46 	43 	47 	47 	47 	46 	47 	44 	11 	6 	6 	6 	6 	6 	6 	60 	8 	8 	8 	8 	8 	8 	8 	5 	39 	39 	97 	59 	84 	28 	29 	9 	28 	28 	9 	9 	9 	9 	9 	9 	28 	28 	28 	28 	28 	28 	28 	59 	35 	12 	10 	9 	4 	4 	8 	4 	4 	4 	4 	14 	8 	6 	6 	6 	16 	8 	24 	6 	14 	10 	10 	6 	6 	10 	7 	3 	7 	7 	14 	7 	10 	31 	30 	34 	31 	31 	31 	31 	31 	30 	31 	31 	31 	31 	31 	60 	33 	33 	9 	9 	9 	63 	10 	13 	3 	3 	3 	4 	3 	3 	53 	3 	3 	3 	4 	3 	3 	3 	3 	5 	5 	3 	3 	3 	44 	3 	8 	13 	3 	4 	3 	5 	6 	3 	3 	3 	3 	3 	3 	5 	5 	3 	3 	3 	3 	12 	7 	3 	7 	9 	3 	16 	3 	3 	4 	3 	3 	3 	3 	3 	8 	3 	3 	3 	3 	3 	3 	4 	3 	3 	3 	3 	3 	5 	3 	3 	3 	3 	3 	3 	5 	3 	3 	5 	3 	3 	3 	8 	3 	3 	4 	3 	3 	3 	3 	3 	3 	3 	3 	3 	3 	4 	3 	3 	3 	3 	3 	4 	3 	3 	7 	3 	3 	3 	3 	3 	3 	3 	3 	3 	3 	3 	6 	3 	6 	3 	3 	3 	3 	23 	3 	4 	3 	3 	3 	3 	3 	3 	3 	3 	3 	3 	3 	4 	4 	3 	3 	3 	3 	6 	4 	3 	3 	6 	3 	3 	3 	3 	6 	3 	3 	3 	3 	3 	5 	3 	23 	entered the do-while loop
Multiplying linking matrix with score column:
989 	49 	86 	53 	51 	66 	77 	69 	131 	192 	61 	65 	97 	37 	151 	79 	127 	161 	94 	35 	35 	43 	41 	35 	35 	71 	71 	17 	17 	17 	12 	12 	10 	10 	10 	10 	10 	10 	16 	17 	9 	192 	17 	37 	12 	113 	12 	7 	7 	7 	7 	87 	7 	7 	7 	7 	7 	7 	7 	9 	13 	28 	11 	9 	9 	9 	7 	7 	7 	7 	7 	7 	14 	7 	8 	17 	14 	8 	8 	8 	7 	8 	8 	16 	63 	8 	20 	13 	8 	7 	8 	18 	12 	12 	25 	26 	17 	12 	12 	12 	62 	75 	18 	20 	18 	47 	42 	18 	12 	12 	12 	12 	12 	12 	11 	11 	11 	11 	11 	25 	89 	20 	36 	5 	5 	48 	8 	5 	19 	188 	8 	8 	26 	5 	5 	9 	5 	28 	9 	8 	8 	7 	9 	12 	7 	8 	6 	27 	5 	28 	5 	5 	13 	5 	6 	5 	5 	5 	6 	9 	6 	5 	6 	12 	5 	5 	5 	5 	29 	29 	29 	29 	32 	29 	8 	29 	29 	29 	29 	8 	21 	23 	23 	21 	17 	7 	16 	6 	10 	17 	20 	14 	6 	25 	8 	8 	8 	8 	6 	42 	27 	16 	8 	8 	6 	9 	10 	21 	6 	17 	12 	12 	8 	66 	6 	6 	6 	6 	8 	8 	13 	85 	80 	6 	11 	12 	7 	12 	47 	43 	47 	47 	43 	47 	43 	47 	47 	47 	46 	47 	44 	11 	6 	6 	6 	6 	6 	6 	60 	8 	8 	8 	8 	8 	8 	8 	5 	39 	39 	97 	59 	84 	28 	29 	9 	28 	28 	9 	9 	9 	9 	9 	9 	28 	28 	28 	28 	28 	28 	28 	59 	34 	12 	10 	9 	4 	4 	8 	4 	4 	4 	4 	14 	8 	6 	6 	6 	16 	8 	24 	6 	14 	10 	10 	6 	6 	10 	7 	3 	7 	7 	14 	7 	10 	31 	30 	34 	32 	32 	32 	32 	32 	30 	32 	32 	31 	32 	32 	60 	33 	33 	9 	9 	9 	63 	10 	13 	3 	3 	3 	4 	3 	3 	53 	3 	3 	3 	4 	3 	3 	3 	3 	5 	5 	3 	3 	3 	44 	3 	8 	13 	3 	4 	3 	4 	6 	3 	3 	3 	3 	3 	3 	5 	5 	3 	3 	3 	3 	12 	7 	3 	7 	9 	3 	16 	3 	3 	4 	3 	3 	3 	3 	3 	8 	3 	3 	3 	3 	3 	3 	4 	3 	3 	3 	3 	3 	5 	3 	3 	3 	3 	3 	3 	5 	3 	3 	5 	3 	3 	3 	8 	3 	3 	4 	3 	3 	3 	3 	3 	3 	3 	3 	3 	3 	4 	3 	3 	3 	3 	3 	4 	3 	3 	7 	3 	3 	3 	3 	3 	3 	3 	3 	3 	3 	3 	6 	3 	6 	3 	3 	3 	3 	23 	3 	4 	3 	3 	3 	3 	3 	3 	3 	3 	3 	3 	3 	4 	4 	3 	3 	3 	3 	6 	4 	3 	3 	6 	3 	3 	3 	3 	6 	3 	3 	3 	3 	3 	5 	3 	23 	entered the do-while loop
Multiplying linking matrix with score column:
989 	49 	86 	53 	51 	65 	77 	69 	131 	192 	61 	65 	97 	37 	151 	79 	127 	160 	94 	35 	35 	43 	41 	35 	35 	71 	71 	17 	17 	17 	12 	12 	10 	10 	10 	10 	10 	10 	16 	17 	9 	191 	17 	37 	12 	113 	12 	7 	7 	7 	7 	87 	7 	7 	7 	7 	7 	7 	7 	9 	13 	28 	11 	9 	9 	9 	7 	7 	7 	7 	7 	7 	14 	7 	8 	17 	14 	8 	8 	8 	7 	8 	8 	16 	63 	8 	20 	13 	8 	7 	8 	18 	12 	12 	25 	26 	17 	12 	12 	12 	62 	75 	18 	20 	18 	47 	42 	18 	12 	12 	12 	12 	12 	12 	11 	11 	11 	11 	11 	25 	89 	20 	36 	5 	5 	48 	8 	5 	19 	188 	8 	8 	26 	5 	5 	9 	5 	28 	9 	8 	8 	7 	9 	12 	7 	8 	6 	27 	5 	28 	5 	5 	13 	5 	6 	5 	5 	5 	6 	9 	6 	5 	6 	12 	5 	5 	5 	5 	29 	29 	29 	29 	32 	29 	8 	29 	29 	29 	29 	8 	21 	23 	23 	21 	17 	7 	16 	6 	10 	16 	20 	14 	6 	25 	8 	8 	8 	8 	6 	42 	27 	16 	8 	8 	6 	9 	10 	21 	6 	17 	12 	12 	8 	65 	6 	6 	6 	6 	8 	8 	13 	85 	80 	6 	11 	12 	7 	12 	47 	43 	47 	47 	43 	47 	43 	47 	47 	47 	47 	47 	44 	11 	6 	6 	6 	6 	6 	6 	60 	8 	8 	8 	8 	8 	8 	8 	5 	39 	39 	97 	59 	83 	28 	29 	9 	28 	28 	9 	9 	9 	9 	9 	9 	28 	28 	28 	28 	28 	28 	28 	59 	34 	11 	10 	9 	4 	4 	8 	4 	4 	4 	4 	14 	8 	6 	6 	6 	16 	8 	24 	6 	14 	10 	10 	6 	6 	10 	7 	3 	7 	7 	14 	7 	10 	31 	30 	34 	32 	32 	32 	32 	32 	30 	32 	32 	31 	32 	32 	60 	33 	33 	9 	9 	9 	63 	10 	13 	3 	3 	3 	4 	3 	3 	53 	3 	3 	3 	4 	3 	3 	3 	3 	5 	5 	3 	3 	3 	44 	3 	8 	13 	3 	4 	3 	4 	6 	3 	3 	3 	3 	3 	3 	5 	5 	3 	3 	3 	3 	12 	7 	3 	7 	9 	3 	16 	3 	3 	4 	3 	3 	3 	3 	3 	8 	3 	3 	3 	3 	3 	3 	4 	3 	3 	3 	3 	3 	5 	3 	3 	3 	3 	3 	3 	5 	3 	3 	5 	3 	3 	3 	8 	3 	3 	4 	3 	3 	3 	3 	3 	3 	3 	3 	3 	3 	4 	3 	3 	3 	3 	3 	4 	3 	3 	7 	3 	3 	3 	3 	3 	3 	3 	3 	3 	3 	3 	6 	3 	6 	3 	3 	3 	3 	23 	3 	4 	3 	3 	3 	3 	3 	3 	3 	3 	3 	3 	3 	4 	4 	3 	3 	3 	3 	6 	4 	3 	3 	6 	3 	3 	3 	3 	6 	3 	3 	3 	3 	3 	5 	3 	23 	Page Rank has converged

PageRank Scores:
Page 1: 843 	Page 2: 45 	Page 3: 76 	Page 4: 48 	Page 5: 47 	Page 6: 59 	Page 7: 68 	Page 8: 61 	Page 9: 114 	Page 10: 166 	Page 11: 55 	Page 12: 58 	Page 13: 86 	Page 14: 35 	Page 15: 131 	Page 16: 70 	Page 17: 111 	Page 18: 139 	Page 19: 83 	Page 20: 33 	Page 21: 33 	Page 22: 40 	Page 23: 38 	Page 24: 33 	Page 25: 33 	Page 26: 63 	Page 27: 63 	Page 28: 17 	Page 29: 17 	Page 30: 17 	Page 31: 13 	Page 32: 13 	Page 33: 11 	Page 34: 11 	Page 35: 11 	Page 36: 11 	Page 37: 11 	Page 38: 11 	Page 39: 17 	Page 40: 17 	Page 41: 11 	Page 42: 166 	Page 43: 17 	Page 44: 34 	Page 45: 13 	Page 46: 99 	Page 47: 13 	Page 48: 9 	Page 49: 9 	Page 50: 9 	Page 51: 9 	Page 52: 77 	Page 53: 9 	Page 54: 9 	Page 55: 9 	Page 56: 9 	Page 57: 9 	Page 58: 9 	Page 59: 9 	Page 60: 10 	Page 61: 14 	Page 62: 27 	Page 63: 12 	Page 64: 10 	Page 65: 10 	Page 66: 10 	Page 67: 9 	Page 68: 9 	Page 69: 9 	Page 70: 9 	Page 71: 9 	Page 72: 9 	Page 73: 14 	Page 74: 9 	Page 75: 10 	Page 76: 17 	Page 77: 15 	Page 78: 10 	Page 79: 10 	Page 80: 10 	Page 81: 9 	Page 82: 10 	Page 83: 10 	Page 84: 16 	Page 85: 57 	Page 86: 10 	Page 87: 20 	Page 88: 14 	Page 89: 10 	Page 90: 9 	Page 91: 10 	Page 92: 18 	Page 93: 13 	Page 94: 13 	Page 95: 24 	Page 96: 25 	Page 97: 18 	Page 98: 13 	Page 99: 13 	Page 100: 13 	Page 101: 56 	Page 102: 66 	Page 103: 18 	Page 104: 20 	Page 105: 18 	Page 106: 43 	Page 107: 38 	Page 108: 18 	Page 109: 13 	Page 110: 13 	Page 111: 13 	Page 112: 13 	Page 113: 13 	Page 114: 13 	Page 115: 12 	Page 116: 12 	Page 117: 12 	Page 118: 12 	Page 119: 12 	Page 120: 24 	Page 121: 78 	Page 122: 20 	Page 123: 33 	Page 124: 7 	Page 125: 7 	Page 126: 43 	Page 127: 9 	Page 128: 7 	Page 129: 19 	Page 130: 163 	Page 131: 10 	Page 132: 9 	Page 133: 25 	Page 134: 7 	Page 135: 7 	Page 136: 10 	Page 137: 7 	Page 138: 27 	Page 139: 10 	Page 140: 10 	Page 141: 10 	Page 142: 9 	Page 143: 10 	Page 144: 13 	Page 145: 9 	Page 146: 10 	Page 147: 8 	Page 148: 26 	Page 149: 7 	Page 150: 27 	Page 151: 7 	Page 152: 7 	Page 153: 14 	Page 154: 7 	Page 155: 8 	Page 156: 7 	Page 157: 7 	Page 158: 7 	Page 159: 8 	Page 160: 10 	Page 161: 8 	Page 162: 7 	Page 163: 8 	Page 164: 13 	Page 165: 7 	Page 166: 7 	Page 167: 7 	Page 168: 7 	Page 169: 28 	Page 170: 28 	Page 171: 28 	Page 172: 28 	Page 173: 30 	Page 174: 28 	Page 175: 10 	Page 176: 28 	Page 177: 28 	Page 178: 28 	Page 179: 28 	Page 180: 10 	Page 181: 21 	Page 182: 22 	Page 183: 22 	Page 184: 21 	Page 185: 17 	Page 186: 9 	Page 187: 17 	Page 188: 8 	Page 189: 12 	Page 190: 17 	Page 191: 20 	Page 192: 15 	Page 193: 8 	Page 194: 24 	Page 195: 10 	Page 196: 10 	Page 197: 10 	Page 198: 10 	Page 199: 8 	Page 200: 38 	Page 201: 26 	Page 202: 16 	Page 203: 10 	Page 204: 10 	Page 205: 8 	Page 206: 11 	Page 207: 12 	Page 208: 20 	Page 209: 8 	Page 210: 17 	Page 211: 13 	Page 212: 13 	Page 213: 10 	Page 214: 59 	Page 215: 8 	Page 216: 8 	Page 217: 8 	Page 218: 8 	Page 219: 10 	Page 220: 10 	Page 221: 14 	Page 222: 75 	Page 223: 71 	Page 224: 8 	Page 225: 12 	Page 226: 13 	Page 227: 9 	Page 228: 13 	Page 229: 43 	Page 230: 39 	Page 231: 43 	Page 232: 43 	Page 233: 39 	Page 234: 43 	Page 235: 39 	Page 236: 43 	Page 237: 43 	Page 238: 43 	Page 239: 43 	Page 240: 43 	Page 241: 40 	Page 242: 12 	Page 243: 8 	Page 244: 8 	Page 245: 8 	Page 246: 8 	Page 247: 8 	Page 248: 8 	Page 249: 54 	Page 250: 10 	Page 251: 10 	Page 252: 10 	Page 253: 10 	Page 254: 10 	Page 255: 10 	Page 256: 10 	Page 257: 7 	Page 258: 36 	Page 259: 36 	Page 260: 85 	Page 261: 53 	Page 262: 74 	Page 263: 27 	Page 264: 27 	Page 265: 10 	Page 266: 27 	Page 267: 27 	Page 268: 10 	Page 269: 10 	Page 270: 10 	Page 271: 10 	Page 272: 10 	Page 273: 10 	Page 274: 27 	Page 275: 27 	Page 276: 27 	Page 277: 27 	Page 278: 27 	Page 279: 27 	Page 280: 27 	Page 281: 53 	Page 282: 32 	Page 283: 13 	Page 284: 12 	Page 285: 11 	Page 286: 6 	Page 287: 6 	Page 288: 10 	Page 289: 6 	Page 290: 6 	Page 291: 6 	Page 292: 6 	Page 293: 14 	Page 294: 10 	Page 295: 8 	Page 296: 8 	Page 297: 8 	Page 298: 17 	Page 299: 10 	Page 300: 23 	Page 301: 8 	Page 302: 15 	Page 303: 12 	Page 304: 12 	Page 305: 8 	Page 306: 8 	Page 307: 12 	Page 308: 9 	Page 309: 6 	Page 310: 9 	Page 311: 9 	Page 312: 15 	Page 313: 9 	Page 314: 12 	Page 315: 30 	Page 316: 28 	Page 317: 32 	Page 318: 30 	Page 319: 30 	Page 320: 30 	Page 321: 30 	Page 322: 30 	Page 323: 28 	Page 324: 30 	Page 325: 30 	Page 326: 30 	Page 327: 30 	Page 328: 30 	Page 329: 54 	Page 330: 31 	Page 331: 31 	Page 332: 10 	Page 333: 10 	Page 334: 10 	Page 335: 57 	Page 336: 11 	Page 337: 14 	Page 338: 6 	Page 339: 6 	Page 340: 6 	Page 341: 6 	Page 342: 6 	Page 343: 6 	Page 344: 48 	Page 345: 6 	Page 346: 5 	Page 347: 5 	Page 348: 6 	Page 349: 5 	Page 350: 5 	Page 351: 5 	Page 352: 5 	Page 353: 7 	Page 354: 7 	Page 355: 5 	Page 356: 5 	Page 357: 5 	Page 358: 40 	Page 359: 5 	Page 360: 10 	Page 361: 14 	Page 362: 5 	Page 363: 6 	Page 364: 5 	Page 365: 7 	Page 366: 8 	Page 367: 5 	Page 368: 5 	Page 369: 5 	Page 370: 5 	Page 371: 5 	Page 372: 5 	Page 373: 7 	Page 374: 7 	Page 375: 5 	Page 376: 5 	Page 377: 5 	Page 378: 5 	Page 379: 13 	Page 380: 8 	Page 381: 5 	Page 382: 8 	Page 383: 10 	Page 384: 5 	Page 385: 17 	Page 386: 5 	Page 387: 5 	Page 388: 6 	Page 389: 6 	Page 390: 5 	Page 391: 5 	Page 392: 5 	Page 393: 5 	Page 394: 10 	Page 395: 5 	Page 396: 5 	Page 397: 6 	Page 398: 5 	Page 399: 5 	Page 400: 5 	Page 401: 6 	Page 402: 5 	Page 403: 5 	Page 404: 5 	Page 405: 5 	Page 406: 5 	Page 407: 7 	Page 408: 5 	Page 409: 5 	Page 410: 5 	Page 411: 5 	Page 412: 5 	Page 413: 5 	Page 414: 7 	Page 415: 5 	Page 416: 5 	Page 417: 7 	Page 418: 5 	Page 419: 5 	Page 420: 5 	Page 421: 9 	Page 422: 5 	Page 423: 5 	Page 424: 6 	Page 425: 5 	Page 426: 5 	Page 427: 5 	Page 428: 5 	Page 429: 6 	Page 430: 5 	Page 431: 5 	Page 432: 5 	Page 433: 5 	Page 434: 5 	Page 435: 6 	Page 436: 5 	Page 437: 5 	Page 438: 5 	Page 439: 5 	Page 440: 5 	Page 441: 6 	Page 442: 5 	Page 443: 5 	Page 444: 9 	Page 445: 5 	Page 446: 6 	Page 447: 5 	Page 448: 5 	Page 449: 5 	Page 450: 5 	Page 451: 5 	Page 452: 6 	Page 453: 5 	Page 454: 5 	Page 455: 5 	Page 456: 8 	Page 457: 5 	Page 458: 8 	Page 459: 5 	Page 460: 6 	Page 461: 5 	Page 462: 5 	Page 463: 22 	Page 464: 5 	Page 465: 6 	Page 466: 5 	Page 467: 5 	Page 468: 5 	Page 469: 5 	Page 470: 5 	Page 471: 5 	Page 472: 5 	Page 473: 5 	Page 474: 5 	Page 475: 5 	Page 476: 5 	Page 477: 6 	Page 478: 6 	Page 479: 5 	Page 480: 5 	Page 481: 5 	Page 482: 5 	Page 483: 8 	Page 484: 6 	Page 485: 5 	Page 486: 6 	Page 487: 8 	Page 488: 5 	Page 489: 5 	Page 490: 5 	Page 491: 5 	Page 492: 8 	Page 493: 5 	Page 494: 5 	Page 495: 5 	Page 496: 5 	Page 497: 5 	Page 498: 7 	Page 499: 5 	Page 500: 22 	
 Golden Model PageRank Scores:
Page 1: 842 	Page 2: 44 	Page 3: 76 	Page 4: 48 	Page 5: 47 	Page 6: 58 	Page 7: 68 	Page 8: 61 	Page 9: 114 	Page 10: 166 	Page 11: 55 	Page 12: 58 	Page 13: 86 	Page 14: 35 	Page 15: 131 	Page 16: 70 	Page 17: 111 	Page 18: 139 	Page 19: 84 	Page 20: 33 	Page 21: 33 	Page 22: 40 	Page 23: 38 	Page 24: 33 	Page 25: 33 	Page 26: 63 	Page 27: 63 	Page 28: 17 	Page 29: 17 	Page 30: 17 	Page 31: 13 	Page 32: 13 	Page 33: 11 	Page 34: 11 	Page 35: 11 	Page 36: 11 	Page 37: 11 	Page 38: 11 	Page 39: 16 	Page 40: 17 	Page 41: 10 	Page 42: 165 	Page 43: 17 	Page 44: 34 	Page 45: 13 	Page 46: 100 	Page 47: 13 	Page 48: 9 	Page 49: 9 	Page 50: 9 	Page 51: 9 	Page 52: 77 	Page 53: 9 	Page 54: 9 	Page 55: 9 	Page 56: 9 	Page 57: 9 	Page 58: 9 	Page 59: 9 	Page 60: 10 	Page 61: 14 	Page 62: 27 	Page 63: 12 	Page 64: 10 	Page 65: 10 	Page 66: 10 	Page 67: 9 	Page 68: 9 	Page 69: 9 	Page 70: 9 	Page 71: 9 	Page 72: 9 	Page 73: 14 	Page 74: 9 	Page 75: 10 	Page 76: 17 	Page 77: 15 	Page 78: 10 	Page 79: 10 	Page 80: 10 	Page 81: 9 	Page 82: 10 	Page 83: 10 	Page 84: 16 	Page 85: 56 	Page 86: 10 	Page 87: 20 	Page 88: 14 	Page 89: 10 	Page 90: 9 	Page 91: 10 	Page 92: 18 	Page 93: 13 	Page 94: 13 	Page 95: 24 	Page 96: 25 	Page 97: 18 	Page 98: 13 	Page 99: 13 	Page 100: 13 	Page 101: 56 	Page 102: 66 	Page 103: 18 	Page 104: 20 	Page 105: 18 	Page 106: 43 	Page 107: 38 	Page 108: 18 	Page 109: 13 	Page 110: 13 	Page 111: 13 	Page 112: 13 	Page 113: 13 	Page 114: 13 	Page 115: 12 	Page 116: 12 	Page 117: 12 	Page 118: 12 	Page 119: 12 	Page 120: 24 	Page 121: 78 	Page 122: 20 	Page 123: 33 	Page 124: 7 	Page 125: 7 	Page 126: 43 	Page 127: 9 	Page 128: 7 	Page 129: 19 	Page 130: 163 	Page 131: 10 	Page 132: 9 	Page 133: 25 	Page 134: 7 	Page 135: 7 	Page 136: 10 	Page 137: 7 	Page 138: 27 	Page 139: 10 	Page 140: 10 	Page 141: 10 	Page 142: 9 	Page 143: 10 	Page 144: 13 	Page 145: 9 	Page 146: 10 	Page 147: 8 	Page 148: 26 	Page 149: 7 	Page 150: 27 	Page 151: 7 	Page 152: 7 	Page 153: 14 	Page 154: 7 	Page 155: 8 	Page 156: 7 	Page 157: 7 	Page 158: 7 	Page 159: 8 	Page 160: 10 	Page 161: 8 	Page 162: 7 	Page 163: 8 	Page 164: 13 	Page 165: 7 	Page 166: 7 	Page 167: 7 	Page 168: 7 	Page 169: 28 	Page 170: 28 	Page 171: 28 	Page 172: 28 	Page 173: 30 	Page 174: 28 	Page 175: 10 	Page 176: 28 	Page 177: 28 	Page 178: 28 	Page 179: 28 	Page 180: 10 	Page 181: 21 	Page 182: 22 	Page 183: 22 	Page 184: 21 	Page 185: 17 	Page 186: 9 	Page 187: 17 	Page 188: 8 	Page 189: 12 	Page 190: 17 	Page 191: 20 	Page 192: 14 	Page 193: 8 	Page 194: 24 	Page 195: 10 	Page 196: 10 	Page 197: 10 	Page 198: 10 	Page 199: 8 	Page 200: 38 	Page 201: 25 	Page 202: 16 	Page 203: 10 	Page 204: 10 	Page 205: 8 	Page 206: 11 	Page 207: 12 	Page 208: 20 	Page 209: 8 	Page 210: 17 	Page 211: 13 	Page 212: 13 	Page 213: 10 	Page 214: 58 	Page 215: 8 	Page 216: 8 	Page 217: 8 	Page 218: 8 	Page 219: 10 	Page 220: 10 	Page 221: 14 	Page 222: 75 	Page 223: 71 	Page 224: 8 	Page 225: 12 	Page 226: 13 	Page 227: 9 	Page 228: 13 	Page 229: 43 	Page 230: 40 	Page 231: 43 	Page 232: 43 	Page 233: 40 	Page 234: 43 	Page 235: 40 	Page 236: 43 	Page 237: 43 	Page 238: 43 	Page 239: 43 	Page 240: 43 	Page 241: 41 	Page 242: 12 	Page 243: 8 	Page 244: 8 	Page 245: 8 	Page 246: 8 	Page 247: 8 	Page 248: 8 	Page 249: 54 	Page 250: 10 	Page 251: 10 	Page 252: 10 	Page 253: 10 	Page 254: 10 	Page 255: 10 	Page 256: 10 	Page 257: 7 	Page 258: 36 	Page 259: 36 	Page 260: 85 	Page 261: 52 	Page 262: 73 	Page 263: 27 	Page 264: 27 	Page 265: 10 	Page 266: 27 	Page 267: 27 	Page 268: 10 	Page 269: 10 	Page 270: 10 	Page 271: 10 	Page 272: 10 	Page 273: 10 	Page 274: 27 	Page 275: 27 	Page 276: 27 	Page 277: 27 	Page 278: 27 	Page 279: 27 	Page 280: 27 	Page 281: 52 	Page 282: 32 	Page 283: 13 	Page 284: 12 	Page 285: 11 	Page 286: 6 	Page 287: 6 	Page 288: 10 	Page 289: 6 	Page 290: 6 	Page 291: 6 	Page 292: 6 	Page 293: 14 	Page 294: 10 	Page 295: 8 	Page 296: 8 	Page 297: 8 	Page 298: 17 	Page 299: 10 	Page 300: 23 	Page 301: 8 	Page 302: 15 	Page 303: 12 	Page 304: 12 	Page 305: 8 	Page 306: 8 	Page 307: 12 	Page 308: 9 	Page 309: 6 	Page 310: 9 	Page 311: 9 	Page 312: 15 	Page 313: 9 	Page 314: 12 	Page 315: 30 	Page 316: 28 	Page 317: 32 	Page 318: 30 	Page 319: 30 	Page 320: 30 	Page 321: 30 	Page 322: 30 	Page 323: 28 	Page 324: 30 	Page 325: 30 	Page 326: 30 	Page 327: 30 	Page 328: 30 	Page 329: 55 	Page 330: 32 	Page 331: 32 	Page 332: 10 	Page 333: 10 	Page 334: 10 	Page 335: 57 	Page 336: 11 	Page 337: 14 	Page 338: 6 	Page 339: 6 	Page 340: 6 	Page 341: 6 	Page 342: 6 	Page 343: 6 	Page 344: 48 	Page 345: 6 	Page 346: 5 	Page 347: 5 	Page 348: 6 	Page 349: 5 	Page 350: 5 	Page 351: 5 	Page 352: 5 	Page 353: 7 	Page 354: 7 	Page 355: 5 	Page 356: 5 	Page 357: 5 	Page 358: 40 	Page 359: 5 	Page 360: 10 	Page 361: 14 	Page 362: 5 	Page 363: 6 	Page 364: 5 	Page 365: 7 	Page 366: 8 	Page 367: 5 	Page 368: 5 	Page 369: 5 	Page 370: 5 	Page 371: 5 	Page 372: 5 	Page 373: 7 	Page 374: 7 	Page 375: 5 	Page 376: 5 	Page 377: 5 	Page 378: 5 	Page 379: 13 	Page 380: 8 	Page 381: 5 	Page 382: 8 	Page 383: 10 	Page 384: 5 	Page 385: 17 	Page 386: 5 	Page 387: 5 	Page 388: 6 	Page 389: 6 	Page 390: 5 	Page 391: 5 	Page 392: 5 	Page 393: 5 	Page 394: 10 	Page 395: 5 	Page 396: 5 	Page 397: 6 	Page 398: 5 	Page 399: 5 	Page 400: 5 	Page 401: 6 	Page 402: 5 	Page 403: 5 	Page 404: 5 	Page 405: 5 	Page 406: 5 	Page 407: 7 	Page 408: 5 	Page 409: 5 	Page 410: 5 	Page 411: 5 	Page 412: 5 	Page 413: 5 	Page 414: 7 	Page 415: 5 	Page 416: 5 	Page 417: 7 	Page 418: 5 	Page 419: 5 	Page 420: 5 	Page 421: 9 	Page 422: 5 	Page 423: 5 	Page 424: 6 	Page 425: 5 	Page 426: 5 	Page 427: 5 	Page 428: 5 	Page 429: 6 	Page 430: 5 	Page 431: 5 	Page 432: 5 	Page 433: 5 	Page 434: 5 	Page 435: 6 	Page 436: 5 	Page 437: 5 	Page 438: 5 	Page 439: 5 	Page 440: 5 	Page 441: 6 	Page 442: 5 	Page 443: 5 	Page 444: 9 	Page 445: 5 	Page 446: 6 	Page 447: 5 	Page 448: 5 	Page 449: 5 	Page 450: 5 	Page 451: 5 	Page 452: 6 	Page 453: 5 	Page 454: 5 	Page 455: 5 	Page 456: 8 	Page 457: 5 	Page 458: 8 	Page 459: 5 	Page 460: 6 	Page 461: 5 	Page 462: 5 	Page 463: 22 	Page 464: 5 	Page 465: 6 	Page 466: 5 	Page 467: 5 	Page 468: 5 	Page 469: 5 	Page 470: 5 	Page 471: 5 	Page 472: 5 	Page 473: 5 	Page 474: 5 	Page 475: 5 	Page 476: 5 	Page 477: 6 	Page 478: 6 	Page 479: 5 	Page 480: 5 	Page 481: 5 	Page 482: 5 	Page 483: 8 	Page 484: 6 	Page 485: 5 	Page 486: 6 	Page 487: 8 	Page 488: 5 	Page 489: 5 	Page 490: 5 	Page 491: 5 	Page 492: 8 	Page 493: 5 	Page 494: 5 	Page 495: 5 	Page 496: 5 	Page 497: 5 	Page 498: 7 	Page 499: 5 	Page 