
=============
=  SSSP  =
=============


SSSP function
The execution took 0 cycles.
Final computed distance array:
11666 11666 0 5236 24756 24756 25231 27849 24050 24050 24525 27143 20239 20239 11666 22138 26669 15003 36666 41903 31186 28093 38091 25719 26669 18096 18096 6430 31186 34279 25719 28812 15003 22138 38810 30237 9523 5236 22613 22613 21907 21907 18096 11666 24526 20239 37616 31186 33804 30480 24526 18096 15953 11666 29043 29043 23576 23576 12860 6430 24526 20239 34523 31186 25950 25950 19995 18096 14284 12141 12141 19995 19764 20239 19764 22383 29287 27144 27144 34998 31661 25231 26669 25231 20714 18571 18571 26425 21433 15003 15003 17147 29287 27144 27144 31905 23807 17377 19520 17377 9523 19995 19764 18096 24526 34998 31661 24526 15953 26425 21433 12860 24526 31905 23807 17377 14759 22613 17146 24526 14759 22613 17146 24526 29762 39760 29043 25475 35473 25719 21189 25720 21189 25720 31906 27619 12141 19995 17146 20239 27144 34998 29043 22613 18571 26425 21433 15003 27144 29762 21189 14759 24526 20239 25001 18571 25231 22383 32855 26425 30481 26194 27144 20714 24526 20239 25001 18571 22383 18096 38091 29043 34768 28337 15953 11666 31661 30481 22383 32855 30481 22383 15953 26425 26194 18096 12141 19995 22382 20239 27144 34998 31661 26669 18571 26425 21433 15003 27144 29762 23807 19520 22613 22382 22613 22382 35473 29043 31186 29043 27863 23576 23576 23576 27619 21189 23332 21189 19995 22382 34998 29043 26425 21433 27619 21189 22613 20239 32855 26425 27863 23576 25001 18571 25231 27849 26194 29761 29762 39760 25475 35473 33099 28812 31906 27619 29287 29288 27144 29288 29287 29288 29287 29288 24526 25001 26670 32855 30481 27144 24526 25001 27144 29288 27144 37142 33099 29288 22383 37142 33099 22613 24525 35473 31186 27863 23576 27619 23332 27144 27144 27144 34998 30481 27144 27144 27144 24526 32855 27863 25001 27144 37142 33099 25001 32855 30956 24526 18571 26425 26669 20239 27849 29761 39760 35473 33099 28812 31906 27619 29288 27144 37142 35717 27144 29288 29288 37142 33099 29288 25001 32855 30956 24526 39760 29043 33330 28812 30956 34049 32855 29043 26425 26669 38091 33330 31661 30956 39286 35243 
Golden Output
11667 11667 0 5236 24758 24758 25233 27851 24054 24054 24529 27147 20242 20242 11667 22140 26672 15005 36671 41907 31189 28096 38095 25723 26672 18098 18098 6430 31189 34282 25723 28816 15005 22140 38815 30240 9523 5236 22615 22615 21911 21911 18098 11667 24529 20242 37620 31189 33807 30485 24529 18098 15954 11667 29046 29046 23580 23580 12861 6430 24529 20242 34527 31189 25953 25953 19996 18098 14285 12142 12142 19996 19767 20242 19767 22385 29291 27147 27147 35002 31664 25233 26672 25233 20716 18573 18573 26427 21436 15005 15005 17149 29291 27147 27147 31909 23809 17378 19522 17378 9523 19996 19767 18098 24529 35002 31664 24529 15954 26427 21436 12861 24529 31909 23809 17378 14760 22615 17149 24529 14760 22615 17149 24529 29765 39764 29046 25478 35476 25723 21191 25723 21191 25723 31909 27622 12142 19996 17149 20242 27147 35002 29046 22615 18573 26427 21436 15005 27147 29765 21191 14760 24529 20242 25003 18573 25233 22385 32858 26427 30485 26198 27147 20716 24529 20242 25003 18573 22385 18098 38095 29046 34772 28342 15954 11667 31664 30485 22385 32858 30485 22385 15954 26427 26198 18098 12142 19996 22385 20242 27147 35002 31664 26672 18573 26427 21436 15005 27147 29765 23809 19522 22615 22385 22615 22385 35476 29046 31189 29046 27867 23580 23580 23580 27622 21191 23334 21191 19996 22385 35002 29046 26427 21436 27622 21191 22615 20242 32858 26427 27867 23580 25003 18573 25233 27851 26198 29765 29765 39764 25478 35476 33103 28816 31909 27622 29291 29291 27147 29291 29291 29291 29291 29291 24529 25003 26672 32858 30485 27147 24529 25003 27147 29291 27147 37146 33103 29291 22385 37146 33103 22615 24529 35476 31189 27867 23580 27622 23334 27147 27147 27147 35002 30485 27147 27147 27147 24529 32858 27867 25003 27147 37146 33103 25003 32858 30960 24529 18573 26427 26672 20242 27851 29765 39764 35476 33103 28816 31909 27622 29291 27147 37146 35722 27147 29291 29291 37146 33103 29291 25003 32858 30960 24529 39764 29046 33333 28816 30960 34053 32858 29046 26427 26672 38095 33333 31664 30960 39289 35247 
