Matrix k:
39 6 26 
24 1 8 
21 11 27 
Matrix A:
---3828144272038182210102335392322112343293712032112143244826412715144643236620838173241349825
427203818221010233539232211234329371203211214324482641271514464323662083817324134982511927
381822101023353923221123432937120321121432448264127151446432366208381732413498251192746643
MAIN
KMEANS succeededMatrix c:
2 ,8 ,4 ,0 ,1 ,7 ,2 ,7 ,4 ,6 ,6 ,7 ,9 ,0 ,6 ,6 ,6 ,4 ,3 ,9 ,3 ,8 ,7 ,0 ,2 ,7 ,6 ,8 ,0 ,8 ,2 ,8 ,8 ,4 ,6 ,8 ,0 ,1 ,9 ,1 ,3 ,5 ,9 ,7 ,5 ,3 ,4 ,2 ,5 ,6 ,
 Golden Model output for Cluster vector:
2 ,8 ,4 ,0 ,1 ,7 ,2 ,7 ,4 ,6 ,6 ,7 ,9 ,0 ,6 ,6 ,6 ,4 ,3 ,9 ,3 ,8 ,7 ,0 ,2 ,7 ,6 ,8 ,0 ,8 ,2 ,8 ,8 ,4 ,6 ,8 ,0 ,1 ,9 ,1 ,3 ,5 ,9 ,7 ,5 ,3 ,4 ,2 ,5 ,6 ,
